1522605027922533360535618378132637429718068114961380688657908494580122963258952897654000350692006139
35794234179725836034822932623714739742276620435052322954609389231215135654475049323468564522300053203094852031
22701048129543736333425996094749366889587533646608478003817325237004905401855512069465560342222533512033049134674681
1807082088687404805951656164405905566278102516769401349170127021450056662540244048387341127590812303371781887966563182013214880557
2129851612255251877839365639214652723984139136960336057355447064564243377593728330134127334647340454654823903125213600940518391272031556055106887
1039563283456186155659353105759895316450127201151134548243968837487170454316560883137974374201721010574743100112040569990942833536352143571386501
1094334512980010833627961715495464911184903201311929901239537400643278838413997208859847883120311440510519909305411059406107462015073748530360298150953128601
21527254504818426380574952471345203761613941469070233789818391443029971614768574467334443218514359420347243338573431357441369330862703328554185096123956240829
385018301348398830125550264175317063254130397189594574345158582319347494465362242744254502209657545494028419705116310713944699162651931473617404540146071722585315510267
1902771770484347463402743519893433394411571963456154479330517546551384039542018731208617421035764135024284168276020571163017337469878860601146500745649805101447096284833
1212761234522041126531745203536122663928469363380088604313883232803746366552731454034455063959279829327198896917209612291566605214993436201389234535314093135935403012494911
2799783391122132787082946763872260162107044670741555122657843914419732594774800554612503916582485397314238650314698321544173601231128490213943317202896193352853208805511125436353291340027391530182876602667
245246644900278211976517663573088018467026787678310244943889504410533014936221741146403662779278833110654055113042734962031749745938180902970433170041023594273124115505302231473153222857458087407153162500973099
2260138526203405716494143035510745633517260538965706499743411425121307687836371751164939745241013444733303641212264284698544061132578531718035133372224054452028205423405469440698717912441961520625906325145800040713
179694915979410673298702330660362483563514510373037202653245240170361171119710166221011252736418931113977338714013233511465141377773413812519144225056903222130528193302062840147371117579056182267745235543679209129977521
1009881397871923546933010611534461123571814132155608645495493440143858232431375740556370402235858906304873141980090010008111336053835041167112396118250106353169014571128551360213573353208550158569042719223350287228269853
12462036678171870515000551032324084471173501544573588475326688317668412814283145464697762260399315231405715425417452583262259446362824325345710031562785201925419947416056777614920570591242395118211593576032654949462973345754329793
214032465024074496126442307283933356300861471514475501779775492088141802344714013664334551909580467961099285187247091458768739626192155736304745477052080511905649310668769152728410468403447083003172812792466755399209968218044032703
